3
4
2
2
3
94
80
75
36
168
134
111
100
98
95
86
107
61
116
72
46
107
42
89
88
110
66
84
103
79
91
111
93
124
64
22
81
65
114
98
117
77
117
108
39
179
85
131
139
66
93
93
94
70
47
49
79
86
48
108
109
144
82
89
37
2
95
114
135
114
79
98
61
99
94
57
134
115
49
77
78
136
102
55
138
144
80
89
81
169
131
130
157
134
136
88
103
36
113
37
148
34
136
104
94
81
117
84
119
57
55
45
133
195
99
129
101
48
88
102
99
96
61
56
33
97
33
144
56
29
170
96
67
46
103
103
173
152
34
77
99
23
104
86
101
121
168
99
62
148
96
13
67
92
132
55
46
102
72
110
115
87
51
43
107
187
54
35
101
109
72
130
100
92
106
63
132
116
88
121
61
98
90
40
25
109
96
104
107
81
106
34
107
103
43
111
119
91
82
100
