3
4
2
2
3
101
75
47
76
166
133
15
39
92
111
70
124
160
101
122
119
41
102
92
5
69
148
98
117
125
142
137
130
93
78
148
84
3
113
107
156
91
72
15
71
125
26
84
117
107
114
120
70
102
43
115
98
76
83
83
89
107
10
142
157
91
143
124
151
129
84
126
110
43
87
132
77
87
111
69
101
99
20
46
105
118
117
118
88
135
50
64
98
109
69
114
128
22
100
122
40
99
102
46
93
120
62
66
103
46
91
124
30
84
90
114
98
88
57
115
76
100
99
116
41
87
105
93
108
123
37
101
92
104
90
145
92
99
114
129
139
89
123
77
78
2
110
99
70
114
79
74
103
80
103
52
77
15
102
134
111
137
53
48
139
83
100
35
89
166
92
85
107
84
72
70
138
91
140
105
108
94
88
85
99
81
111
62
109
89
131
57
123
100
71
84
55
101
76
94
